32 6 8 3 7 1 7 4 4 1 2 8 0 0 0
3 124 8 20 5 4 3 4 4 4 2 0 6 4 8
6 15 21 24 9 3 2 0 6 12 11 3 7 9 5
0 25 17 240 6 5 17 23 14 7 2 0 8 7 1
4 1 1 2 326 9 1 0 2 28 0 3 0 8 5
0 3 4 6 25 55 1 0 16 24 3 0 1 7 5
0 1 3 43 6 0 127 6 12 5 0 0 0 0 1
0 0 0 19 2 0 6 179 4 0 0 0 0 0 0
0 6 3 25 15 3 14 5 148 8 3 2 1 8 0
1 1 7 7 23 20 2 4 7 181 10 2 0 4 1
1 0 6 5 3 4 0 0 0 8 59 4 4 16 0
14 1 8 5 1 0 1 1 0 0 4 63 0 6 1
2 7 0 19 8 0 0 0 5 3 8 2 57 8 1
4 1 3 7 10 0 2 0 1 5 7 9 6 153 2
0 7 0 3 10 1 0 0 0 3 0 0 12 0 49
