31 1 5 4 6 2 3 2 8 1 5 10 0 5 0
5 136 4 21 2 7 0 5 1 1 5 0 5 5 2
8 10 13 27 12 8 1 0 4 6 12 1 9 20 2
2 26 14 235 12 3 14 36 14 4 2 0 4 3 3
3 0 0 2 349 5 2 1 2 20 0 0 2 1 3
0 0 3 7 18 75 2 0 7 27 7 0 1 2 1
0 2 2 22 6 4 149 7 6 3 0 0 0 0 3
0 0 0 13 0 0 0 196 1 0 0 0 0 0 0
0 4 8 9 8 2 14 2 182 6 2 0 0 3 1
0 7 4 7 19 28 0 3 3 178 9 0 4 4 4
0 0 6 4 1 0 0 0 0 10 68 7 1 13 0
5 2 3 4 0 0 0 0 1 0 4 71 3 11 1
0 13 3 6 6 0 0 0 7 1 2 0 73 7 2
2 2 1 1 2 4 0 0 3 6 10 12 11 155 1
1 1 1 3 8 3 0 0 0 4 3 1 11 2 47
